602783837
379530769
451168228
445337599
444269305
217486570
430168801
657817489
370480586
371857069
409099411
374619853
668794990
388995775
546477343
1043501293
525066451
417252850
613464041
260905016
696061426
699634498
613463807
401538229
636110930
387658474
693112153
567208300
528831091
110678570
105325643
268877255
577019476
492340057
373466071
255190057
732107626
581433838
744456904
468787469
525159868
1064022887
517163299
302508602
613167746
669226204
669170671
735900559
1062021536
390755965
725507023
1110919169
1103986997
380440894
552213280
578210914